100
952038
475433
694101
281765
634882
751633
628743
389528
929743
368338
616217
80741
496867
820431
736469
885583
114517
413320
942525
598672
542319
805983
727387
335343
620184
892297
897047
488139
313209
414570
903388
796467
382286
253595
682401
901605
465650
423771
675213
200970
85119
348218
439140
543794
700672
514440
541433
23404
474050
364555
681898
98784
692993
324524
851701
924255
597972
217754
21010
568609
582643
108788
791988
264759
396769
757709
560693
94635
232996
35109
287579
28101
117429
543738
754501
23732
902652
372435
738578
511308
797681
480015
321213
252063
491596
520457
990328
251971
902730
153868
18914
600812
297048
961878
249006
92369
600731
800925
878424
979116
