100
481326381
188897950
127946264
788231765
342053770
815618650
464740742
691280990
103908902
445244834
159407771
399187384
19221793
362069253
147249931
382219679
486139891
682632453
449615249
826209240
360160437
324622667
970504172
429829396
510964761
602484985
661402487
356114863
196494239
894298606
109622311
488092531
957895522
982018605
773020237
360580220
263752821
423556032
62769157
668442551
480492788
964739775
588500708
882679391
956401693
746338942
695023196
47903670
213041854
461547918
172134702
366494793
515219949
41293683
435112447
358995131
643088653
214537501
432768460
937247015
936755370
139595875
182965150
461527700
195396805
113501337
967481121
267403941
262090640
542432803
310864239
523936540
537422523
169599111
968645118
241054788
382344577
661765667
290105802
229517063
332079886
712402370
949621046
944269862
910942623
244283235
938082943
22638158
445929651
171730658
954708897
395533695
807788288
676749305
737464738
951942310
931606401
220409164
476794586
350662386
