100
613 108 450 39 854 332
580 55 488 533 60 324 739
663 343 5 625 159 116 505
909 208 168 535 635 941 122 601 729 547
323 713 891 954 332 453 39
450 893
186 753 731 612 939 147 558 995
373 556 801 883
426 330 289 877 61 354
518 174 195 964 592 905 546 256 48 246
838 148
398 377 633 534 975
826 481 906
389 494 182 820
637 698 406 65 172 506 97 818
437 351 579 127 823 322 68 974 398 615
536 392 657 289 290 69 184 125 163
345 869 819 192 904 977 544 41 288 369
985 603 11 529 373 319 420 907
792 611 75
550 897 346 788 868 234
216 645 729 804 539
998 220 659
996 546 29 653 555 864 69 381 329 292
367 260 35
937 689 353 966 203 31 357 568 500 950
378 521 917 69
130 108 959 414
981 268 117 815 310 953 856
689 822 355 673 788 909
927 520 903 621 265 911 86 868 892
709 698 39 77 917 210 455 600 634
785 312 52 464
305 155 659 80 418 880 258 716 282
844 576 997 562 694 860 670 627 770
396 959 707 501 426 865
297 745
384 413 54 218 743 74
812 625 508 75 268
547 530 597 756 914 86 927
492 400 429 604 799 257
674 242 54 806
568 781 593 785 318 108 235
996 621 215
456 194 658 482 435 774 140 971 495
729 581 452 521 942 299 57 460 353 833
716 180 12 922 850 958 502 621 13 613
293 200 491 565
687 523 419 507 106 30 960 806
973 887 496 772 749 741
29 407 695 273 972 347 688 333 642 597
631 401 446 683 499 908
768 401 413 62 407 247 246 541
107 429 843 134 154 978 650 868
138 812 382 277 984 182 702 174 852 812
824 993 810 175 198 997
138 705 61 359 911 492 234
483 336 789 853 816 436 322 979
838 407 701 723 265 164 843 276 812
742 527 817 711 742 846 418 988 184 88
194 943 902 872 137 984 530 654 30 501
92 198 699 945 252 990 646 987 861
561 222 200 141 980 244 929 666
337 328 384 306 191
838 175
442 219 337 666
208 796
721 587 609 542 532 713 175 766 503 826
776 916 827 749 884 131 753
270 775 326 457 61 380 300
19 964 355 885 527 716 739
733 545 671
122 689
292 233 814 530 394 479 173 815 836 217
761 13 361 860
178 659 583 321
436 423 191 924 148 943 742 56 568
341 941 332 523 217 59 28 405 932 513
435 72 710 133
14 114 810 159 246 527 252
197 257 448 495 449 685 14 921 79 739
558 66 994 508 542 790 279 422 563 524
197 881 440 851
815 217 252 536 152
504 614 369 222 85 900 748 558 223 469
980 434 954 224 298 7 188 794 809 13
138 346 740 544 971
742 142
46 800 858 603 849 317
326 861 635 481 509 594
714 393 50 703 174 224 224 553
642 633 104 261 721 730 815
216 472 246 612 444 764
859 620 494 601
426 12 588
672 700 675 939 941 186 257 496
74 397 497 410
728 49 860 110
291 511 986 400 829 401
294 319 225 741 308
