854 39 2396 567039625
739 55 2779 378011863
663 5 2416 503603247
941 122 5395 770235139
954 39 3705 837601235
893 450 1343 401850
995 147 4921 583013218
883 373 2613 682005782
877 61 2337 343261739
964 48 4444 493873580
838 148 986 124024
975 377 2917 877440550
906 481 2213 359959236
820 182 1885 678853644
818 65 3399 294629549
974 68 4694 330727638
657 69 2705 575308890
977 41 5348 523566990
985 11 4147 804684170
792 75 1478 36293400
897 234 3683 860924175
804 216 2933 489815589
998 220 1877 144690040
996 29 4714 865442904
367 35 662 3339700
966 31 5554 646727202
917 69 1885 460857990
959 108 1611 574245005
981 117 4300 866700004
909 355 4236 100761024
927 86 5993 982189137
917 39 4339 770584913
785 52 1613 909429725
880 80 3753 868249723
997 562 6600 821253913
959 396 3854 746394328
745 297 1042 221265
743 54 1886 370591032
812 75 2288 980963733
927 86 4357 763874605
799 257 2981 782579538
806 54 1776 99112543
785 108 3388 59616044
996 215 1832 132980940
971 140 4605 584173555
942 57 5227 931155722
958 12 5387 871784599
565 200 1549 256518888
960 30 4038 905485662
973 496 4618 373513809
972 29 4983 873707222
908 401 3568 25449205
768 62 3085 156909227
978 107 4163 73383724
984 138 5315 962956273
997 175 3997 542443909
911 61 2900 470974401
979 322 5014 237156225
843 164 5029 852606091
988 88 6063 256393500
984 30 5747 844456573
990 92 5670 803043031
980 141 3943 604025380
384 191 1546 788612144
838 175 1013 146650
666 219 1664 725536569
796 208 1004 165568
826 175 5974 326568663
916 131 5036 552805684
775 61 2569 741488508
964 19 4205 755504756
733 545 1949 268054435
689 122 811 84058
836 173 4783 831685908
860 13 1995 71380759
659 178 1741 952248039
943 56 4431 137565134
941 28 4291 628594749
710 72 1350 957547586
810 14 2122 157243908
921 14 4284 750478175
994 66 5246 765251410
881 197 2369 986682632
815 152 1972 75703
900 85 4692 497834671
980 7 4701 21230332
971 138 2739 13137832
742 142 884 105364
858 46 3473 900236760
861 326 3406 38006192
714 50 3035 820256995
815 104 3906 261229198
764 216 2754 638150300
859 494 2574 119805414
588 12 1026 3005856
941 186 4866 874948786
497 74 1378 986355025
860 49 1747 374571179
986 291 3418 616644291
741 225 1887 32988088
